/*--------------------------------*- C++ -*----------------------------------*\
| =========                 |                                                 |
| \\      /  F ield         | foam-extend: Open Source CFD                    |
|  \\    /   O peration     | Version:     3.2                                |
|   \\  /    A nd           | Web:         http://www.foam-extend.org         |
|    \\/     M anipulation  | For copyright notice see file Copyright         |
\*---------------------------------------------------------------------------*/
FoamFile
{
    version     2.0;
    format      ascii;
    class       cellSet;
    location    "constant/polyMesh/sets";
    object      highAspectRatioCells;
}
// * * * * * * * * * * * * * * * * * * * * * * * * * * * * * * * * * * * * * //


1088
(
270398 
270399 
270400 
270401 
270402 
270403 
270404 
270405 
270406 
270407 
262270 
270525 
270526 
270527 
270528 
270529 
270530 
270531 
270532 
270533 
270534 
262397 
270652 
270653 
270654 
270655 
270656 
270657 
270658 
270659 
270660 
270661 
270662 
262524 
270779 
270780 
270781 
270782 
270783 
270784 
270785 
270786 
270787 
270788 
270789 
262651 
270906 
270907 
270908 
270909 
270910 
270911 
270912 
270913 
270914 
270915 
270916 
262778 
271033 
271034 
271035 
271036 
271037 
271038 
271039 
271040 
271041 
271042 
271043 
262905 
262906 
271160 
271161 
271162 
271163 
271164 
271165 
271166 
271167 
271168 
271169 
271170 
263032 
263033 
271287 
271288 
271289 
271290 
271291 
271292 
271293 
271294 
271295 
271296 
271297 
263159 
263160 
271414 
271415 
271416 
271417 
271418 
271419 
271420 
271421 
271422 
271423 
271424 
263286 
263287 
271541 
271542 
271543 
271544 
271545 
271546 
271547 
271548 
271549 
271550 
271551 
271552 
263413 
263414 
271668 
271669 
271670 
271671 
271672 
271673 
271674 
271675 
271676 
271677 
271678 
271679 
263540 
263541 
271795 
271796 
271797 
271798 
271799 
271800 
271801 
271802 
271803 
271804 
271805 
271806 
263667 
263668 
271922 
271923 
271924 
271925 
271926 
271927 
271928 
271929 
271930 
271931 
271932 
271933 
263794 
263795 
263796 
272049 
272050 
272051 
272052 
272053 
272054 
272055 
272056 
272057 
272058 
272059 
272060 
263921 
263922 
263923 
272176 
272177 
272178 
272179 
272180 
272181 
272182 
272183 
272184 
272185 
272186 
272187 
264048 
264049 
264050 
272303 
272304 
272305 
272306 
272307 
272308 
272309 
272310 
272311 
272312 
272313 
272314 
272315 
264175 
264176 
264177 
272430 
272431 
272432 
272433 
272434 
272435 
272436 
272437 
272438 
272439 
272440 
272441 
272442 
264302 
264303 
264304 
272557 
272558 
272559 
272560 
272561 
272562 
272563 
272564 
272565 
272566 
272567 
272568 
272569 
264429 
264430 
264431 
272684 
272685 
272686 
272687 
272688 
272689 
272690 
272691 
272692 
272693 
272694 
272695 
272696 
264556 
264557 
264558 
272811 
272812 
272813 
272814 
272815 
272816 
272817 
272818 
272819 
272820 
272821 
272822 
272823 
264683 
264684 
264685 
264686 
272938 
272939 
272940 
272941 
272942 
272943 
272944 
272945 
272946 
272947 
272948 
272949 
272950 
264810 
264811 
264812 
264813 
273065 
273066 
273067 
273068 
273069 
273070 
273071 
273072 
273073 
273074 
273075 
273076 
273077 
264937 
264938 
264939 
264940 
273192 
273193 
273194 
273195 
273196 
273197 
273198 
273199 
273200 
273201 
273202 
273203 
273204 
273205 
265064 
265065 
265066 
265067 
273319 
273320 
273321 
273322 
273323 
273324 
273325 
273326 
273327 
273328 
273329 
273330 
273331 
273332 
265191 
265192 
265193 
265194 
273446 
273447 
273448 
273449 
273450 
273451 
273452 
273453 
273454 
273455 
273456 
273457 
273458 
273459 
265318 
265319 
265320 
265321 
273573 
273574 
273575 
273576 
273577 
273578 
273579 
273580 
273581 
273582 
273583 
273584 
273585 
273586 
265445 
265446 
265447 
265448 
273700 
273701 
273702 
273703 
273704 
273705 
273706 
273707 
273708 
273709 
273710 
273711 
273712 
273713 
265572 
265573 
265574 
265575 
265576 
273827 
273828 
273829 
273830 
273831 
273832 
273833 
273834 
273835 
273836 
273837 
273838 
273839 
273840 
265699 
265700 
265701 
265702 
265703 
273954 
273955 
273956 
273957 
273958 
273959 
273960 
273961 
273962 
273963 
273964 
273965 
273966 
273967 
273968 
265826 
265827 
265828 
265829 
265830 
274081 
274082 
274083 
274084 
274085 
274086 
274087 
274088 
274089 
274090 
274091 
274092 
274093 
274094 
274095 
265953 
265954 
265955 
265956 
265957 
274208 
274209 
274210 
274211 
274212 
274213 
274214 
274215 
274216 
274217 
274218 
274219 
274220 
274221 
274222 
266080 
266081 
266082 
266083 
266084 
274335 
274336 
274337 
274338 
274339 
274340 
274341 
274342 
274343 
274344 
274345 
274346 
274347 
274348 
274349 
266207 
266208 
266209 
266210 
266211 
274462 
274463 
274464 
274465 
274466 
274467 
274468 
274469 
274470 
274471 
274472 
274473 
274474 
274475 
274476 
266334 
266335 
266336 
266337 
266338 
266339 
274589 
274590 
274591 
274592 
274593 
274594 
274595 
274596 
274597 
274598 
274599 
274600 
274601 
274602 
274603 
266461 
266462 
266463 
266464 
266465 
266466 
274716 
274717 
274718 
274719 
274720 
274721 
274722 
274723 
274724 
274725 
274726 
274727 
274728 
274729 
274730 
266588 
266589 
266590 
266591 
266592 
266593 
274843 
274844 
274845 
274846 
274847 
274848 
274849 
274850 
274851 
274852 
274853 
274854 
274855 
274856 
274857 
274858 
266715 
266716 
266717 
266718 
266719 
266720 
274970 
274971 
274972 
274973 
274974 
274975 
274976 
274977 
274978 
274979 
274980 
274981 
274982 
274983 
274984 
274985 
266842 
266843 
266844 
266845 
266846 
266847 
275097 
275098 
275099 
275100 
275101 
275102 
275103 
275104 
275105 
275106 
275107 
275108 
275109 
275110 
275111 
275112 
266969 
266970 
266971 
266972 
266973 
266974 
275224 
275225 
275226 
275227 
275228 
275229 
275230 
275231 
275232 
275233 
275234 
275235 
275236 
275237 
275238 
275239 
267096 
267097 
267098 
267099 
267100 
267101 
275351 
275352 
275353 
275354 
275355 
275356 
275357 
275358 
275359 
275360 
275361 
275362 
275363 
275364 
275365 
275366 
267223 
267224 
267225 
267226 
267227 
267228 
267229 
275478 
275479 
275480 
275481 
275482 
275483 
275484 
275485 
275486 
275487 
275488 
275489 
275490 
275491 
275492 
275493 
267350 
267351 
267352 
267353 
267354 
267355 
267356 
275605 
275606 
275607 
275608 
275609 
275610 
275611 
275612 
275613 
275614 
275615 
275616 
275617 
275618 
275619 
275620 
275621 
267477 
267478 
267479 
267480 
267481 
267482 
267483 
275732 
275733 
275734 
275735 
275736 
275737 
275738 
275739 
275740 
275741 
275742 
275743 
275744 
275745 
275746 
275747 
275748 
267604 
267605 
267606 
267607 
267608 
267609 
267610 
275859 
275860 
275861 
275862 
275863 
275864 
275865 
275866 
275867 
275868 
275869 
275870 
275871 
275872 
275873 
275874 
275875 
267731 
267732 
267733 
267734 
267735 
267736 
267737 
275986 
275987 
275988 
275989 
275990 
275991 
275992 
275993 
275994 
275995 
275996 
275997 
275998 
275999 
276000 
276001 
276002 
267858 
267859 
267860 
267861 
267862 
267863 
267864 
276113 
276114 
276115 
276116 
276117 
276118 
276119 
276120 
276121 
276122 
276123 
276124 
276125 
276126 
276127 
276128 
276129 
267985 
267986 
267987 
267988 
267989 
267990 
267991 
276240 
276241 
276242 
276243 
276244 
276245 
276246 
276247 
276248 
276249 
276250 
276251 
276252 
276253 
276254 
276255 
276256 
268112 
268113 
268114 
268115 
268116 
268117 
268118 
268119 
276367 
276368 
276369 
276370 
276371 
276372 
276373 
276374 
276375 
276376 
276377 
276378 
276379 
276380 
276381 
276382 
276383 
276384 
268239 
268240 
268241 
268242 
268243 
268244 
268245 
268246 
276494 
276495 
276496 
276497 
276498 
276499 
276500 
276501 
276502 
276503 
276504 
276505 
276506 
276507 
276508 
276509 
276510 
276511 
268366 
268367 
268368 
268369 
268370 
268371 
268372 
268373 
276621 
276622 
276623 
276624 
276625 
276626 
276627 
276628 
276629 
276630 
276631 
276632 
276633 
276634 
276635 
276636 
276637 
276638 
268493 
268494 
268495 
268496 
268497 
268498 
268499 
268500 
276748 
276749 
276750 
276751 
276752 
276753 
276754 
276755 
276756 
276757 
276758 
276759 
276760 
276761 
276762 
276763 
276764 
276765 
268620 
268621 
268622 
268623 
268624 
268625 
268626 
268627 
276875 
276876 
276877 
276878 
276879 
276880 
276881 
276882 
276883 
276884 
276885 
276886 
276887 
276888 
276889 
276890 
276891 
276892 
268747 
268748 
268749 
268750 
268751 
268752 
268753 
268754 
268874 
268875 
268876 
268877 
268878 
268879 
268880 
268881 
269001 
269002 
269003 
269004 
269005 
269006 
269007 
269008 
269009 
269128 
269129 
269130 
269131 
269132 
269133 
269134 
269135 
269136 
269255 
269256 
269257 
269258 
269259 
269260 
269261 
269262 
269263 
269382 
269383 
269384 
269385 
269386 
269387 
269388 
269389 
269390 
269509 
269510 
269511 
269512 
269513 
269514 
269515 
269516 
269517 
269636 
269637 
269638 
269639 
269640 
269641 
269642 
269643 
269644 
269763 
269764 
269765 
269766 
269767 
269768 
269769 
269770 
269771 
269772 
269890 
269891 
269892 
269893 
269894 
269895 
269896 
269897 
269898 
269899 
270017 
270018 
270019 
270020 
270021 
270022 
270023 
270024 
270025 
270026 
270144 
270145 
270146 
270147 
270148 
270149 
270150 
270151 
270152 
270153 
262016 
270271 
270272 
270273 
270274 
270275 
270276 
270277 
270278 
270279 
270280 
262143 
)

// ************************************************************************* //
